0.0000 0.0000 -100.0000
0.1000 0.0000 545.6205
0.2000 0.0000 799.6162
0.3000 0.0000 507.9169
0.4000 0.0000 -152.5367
0.5000 0.0000 -781.1222
0.6000 0.0000 -996.5481
0.7000 0.0000 -668.1400
0.8000 0.0000 4.8943
0.9000 0.0000 614.3011
1.0000 0.0000 790.4224
1.1000 0.0000 426.4255
1.2000 0.0000 -256.8941
1.3000 0.0000 -845.0438
1.4000 0.0000 -981.2600
1.5000 0.0000 -582.9156
1.6000 0.0000 108.3588
1.7000 0.0000 673.2456
1.8000 0.0000 769.0920
1.9000 0.0000 337.7588
2.0000 0.0000 -359.1130
0.0000 0.1000 -100.0000
0.1000 0.1000 516.7848
0.2000 0.1000 759.4362
0.3000 0.1000 480.7652
0.4000 0.1000 -150.1903
0.5000 0.1000 -750.7009
0.6000 0.1000 -956.5052
0.7000 0.1000 -642.7648
0.8000 0.1000 0.2093
0.9000 0.1000 582.3979
1.0000 0.1000 750.6530
1.1000 0.1000 402.9135
1.2000 0.1000 -249.8867
1.3000 0.1000 -811.7675
1.4000 0.1000 -941.8998
1.5000 0.1000 -561.3469
1.6000 0.1000 99.0528
1.7000 0.1000 638.7098
1.8000 0.1000 730.2753
1.9000 0.1000 318.2070
2.0000 0.1000 -347.5401
0.0000 0.2000 -100.0000
0.1000 0.2000 432.8536
0.2000 0.2000 642.4853
0.3000 0.2000 401.7354
0.4000 0.2000 -143.3604
0.5000 0.2000 -662.1544
0.6000 0.2000 -839.9531
0.7000 0.2000 -568.9062
0.8000 0.2000 -13.4270
0.9000 0.2000 489.5381
1.0000 0.2000 634.8973
1.1000 0.2000 334.4777
1.2000 0.2000 -229.4903
1.3000 0.2000 -714.9112
1.4000 0.2000 -827.3352
1.5000 0.2000 -498.5675
1.6000 0.2000 71.9660
1.7000 0.2000 538.1872
1.8000 0.2000 617.2926
1.9000 0.2000 261.2979
2.0000 0.2000 -313.8552
0.0000 0.3000 -100.0000
0.1000 0.3000 301.3241
0.2000 0.3000 459.2104
0.3000 0.3000 277.8872
0.4000 0.3000 -132.6574
0.5000 0.3000 -523.3924
0.6000 0.3000 -657.3033
0.7000 0.3000 -453.1615
0.8000 0.3000 -34.7967
0.9000 0.3000 344.0167
1.0000 0.3000 453.4955
1.1000 0.3000 227.2313
1.2000 0.3000 -197.5269
1.3000 0.3000 -563.1267
1.4000 0.3000 -647.8000
1.5000 0.3000 -400.1852
1.6000 0.3000 29.5179
1.7000 0.3000 380.6572
1.8000 0.3000 440.2362
1.9000 0.3000 172.1152
2.0000 0.3000 -261.0672
0.0000 0.4000 -100.0000
0.1000 0.4000 133.9456
0.2000 0.4000 225.9829
0.3000 0.4000 120.2834
0.4000 0.4000 -119.0371
0.5000 0.4000 -346.8099
0.6000 0.4000 -424.8712
0.7000 0.4000 -305.8699
0.8000 0.4000 -61.9907
0.9000 0.4000 158.8325
1.0000 0.4000 222.6515
1.1000 0.4000 90.7544
1.2000 0.4000 -156.8518
1.3000 0.4000 -369.9724
1.4000 0.4000 -419.3314
1.5000 0.4000 -274.9882
1.6000 0.4000 -24.4996
1.7000 0.4000 180.1916
1.8000 0.4000 214.9222
1.9000 0.4000 58.6253
2.0000 0.4000 -193.8916
0.0000 0.5000 -100.0000
0.1000 0.5000 -54.3306
0.2000 0.5000 -36.3637
0.3000 0.5000 -56.9977
0.4000 0.5000 -103.7163
0.5000 0.5000 -148.1807
0.6000 0.5000 -163.4193
0.7000 0.5000 -140.1886
0.8000 0.5000 -92.5801
0.9000 0.5000 -49.4723
1.0000 0.5000 -37.0140
1.1000 0.5000 -62.7621
1.2000 0.5000 -111.0982
1.3000 0.5000 -152.7023
1.4000 0.5000 -162.3379
1.5000 0.5000 -134.1601
1.6000 0.5000 -85.2613
1.7000 0.5000 -45.3028
1.8000 0.5000 -38.5229
1.9000 0.5000 -69.0342
2.0000 0.5000 -118.3289
0.0000 0.6000 -100.0000
0.1000 0.6000 -246.6863
0.2000 0.6000 -304.3947
0.3000 0.6000 -238.1200
0.4000 0.6000 -88.0635
0.5000 0.6000 54.7524
0.6000 0.6000 103.6976
0.7000 0.6000 29.0826
0.8000 0.6000 -123.8322
0.9000 0.6000 -262.2907
1.0000 0.6000 -302.3058
1.1000 0.6000 -219.6050
1.2000 0.6000 -64.3533
1.3000 0.6000 69.2755
1.4000 0.6000 100.2241
1.5000 0.6000 9.7194
1.6000 0.6000 -147.3396
1.7000 0.6000 -275.6830
1.8000 0.6000 -297.4595
1.9000 0.6000 -199.4597
2.0000 0.6000 -41.1290
0.0000 0.7000 -100.0000
0.1000 0.7000 -425.9390
0.2000 0.7000 -554.1678
0.3000 0.7000 -406.9045
0.4000 0.7000 -73.4770
0.5000 0.7000 243.8619
0.6000 0.7000 352.6188
0.7000 0.7000 186.8233
0.8000 0.7000 -152.9555
0.9000 0.7000 -460.6121
1.0000 0.7000 -549.5263
1.1000 0.7000 -365.7638
1.2000 0.7000 -20.7926
1.3000 0.7000 276.1325
1.4000 0.7000 344.9007
1.5000 0.7000 143.7981
1.6000 0.7000 -205.1892
1.7000 0.7000 -490.3700
1.8000 0.7000 -538.7577
1.9000 0.7000 -321.0008
2.0000 0.7000 30.8122
0.0000 0.8000 -100.0000
0.1000 0.8000 -576.0765
0.2000 0.8000 -763.3714
0.3000 0.8000 -548.2741
0.4000 0.8000 -61.2597
0.5000 0.8000 402.2553
0.6000 0.8000 561.1090
0.7000 0.8000 318.9428
0.8000 0.8000 -177.3484
0.9000 0.8000 -626.7211
1.0000 0.8000 -756.5919
1.1000 0.8000 -488.1828
1.2000 0.8000 15.6927
1.3000 0.8000 449.3906
1.4000 0.8000 549.8356
1.5000 0.8000 256.0989
1.6000 0.8000 -253.6425
1.7000 0.8000 -670.1865
1.8000 0.8000 -740.8630
1.9000 0.8000 -422.8006
2.0000 0.8000 91.0683
0.0000 0.9000 -100.0000
0.1000 0.9000 -683.6875
0.2000 0.9000 -913.3180
0.3000 0.9000 -649.6007
0.4000 0.9000 -52.5030
0.5000 0.9000 515.7836
0.6000 0.9000 710.5442
0.7000 0.9000 413.6395
0.8000 0.9000 -194.8320
0.9000 0.9000 -745.7797
1.0000 0.9000 -905.0061
1.1000 0.9000 -575.9266
1.2000 0.9000 41.8436
1.3000 0.9000 573.5734
1.4000 0.9000 696.7226
1.5000 0.9000 336.5906
1.6000 0.9000 -288.3714
1.7000 0.9000 -799.0698
1.8000 0.9000 -885.7219
1.9000 0.9000 -495.7656
2.0000 0.9000 134.2568
0.0000 1.0000 -100.0000
0.1000 1.0000 -739.1594
0.2000 1.0000 -990.6133
0.3000 1.0000 -701.8331
0.4000 1.0000 -47.9890
0.5000 1.0000 574.3059
0.6000 1.0000 787.5759
0.7000 1.0000 462.4543
0.8000 1.0000 -203.8446
0.9000 1.0000 -807.1527
1.0000 1.0000 -981.5115
1.1000 1.0000 -621.1573
1.2000 1.0000 55.3240
1.3000 1.0000 637.5878
1.4000 1.0000 772.4407
1.5000 1.0000 378.0828
1.6000 1.0000 -306.2737
1.7000 1.0000 -865.5074
1.8000 1.0000 -960.3946
1.9000 1.0000 -533.3779
2.0000 1.0000 156.5199
